"x"
0.013959072392941
0.00166716323949613
0.00392102162366801
1.18138664058837e-05
4.95764384302626e-06
0.000510568093491733
3.97134878828757e-06
6.00051776335283e-06
4.26320297031641e-05
3.92463972023441e-05
4.15795118605319e-06
1.09960385743655e-05
6.67310747284221e-06
7.41913627164972e-06
5.82150552955399e-06
5.25893771405307e-06
2.12190577846997e-05
5.16324334474588e-05
6.07832620346212e-06
0.000351073020568921
0.000300087415957992
1.10513604616866e-05
9.4904594361259e-06
5.69081597514899e-06
6.16556849319621e-06
1.6830374180816e-05
6.02949451955914e-06
3.23450405800788e-06
0.000177204991478706
0.000616501082863332
8.97366390930462e-06
6.9036276295386e-06
0.000319581959706946
1.15201385111358e-05
9.27618381698253e-06
5.81856252064284e-06
4.50240119641868e-06
0.000468009835341076
7.29057788210671e-05
0.000176061090008588
5.7628974382914e-06
0.000156431502857433
8.05037841786307e-06
0.000318765829061574
2.36840961713338e-05
8.85556243240201e-05
5.78642290825224e-06
5.7955187422738e-06
7.09398193602989e-06
5.31629684539662e-06
2.81103613094958e-05
8.64170045157455e-06
0.000228975191736731
0.000278517102024159
0.00131940653867656
1.89612851389104e-05
5.117954346986e-06
0.000480596254965937
1.05179112950099e-05
0.000276730451487209
1.14877968404964e-05
2.06871971617143e-06
1.14135994276683e-05
2.77437350093491e-06
3.00208214955295e-06
0.00117414439137122
5.22791953436102e-06
8.20878325701e-06
4.48532403529993e-06
0.0001746643649859
1.37670948214767e-05
9.59831626656157e-06
6.61330897494368e-06
1.34857213126514e-05
4.43439476661371e-06
4.91616888482742e-06
0.000239920534611473
0.00138147011228776
0.000200213246377042
0.00231197184395568
3.46167652587183e-05
1.5164450439373e-05
0.000686375446573801
4.10875955845278e-06
1.97690314158372e-05
4.95450652660072e-05
1.97279958034404e-05
1.25754583843826e-05
1.27768292898714e-05
2.05609250298542e-05
0.000338886479477945
0.000109247091214019
2.86612675482355e-05
1.29482668168021e-05
4.19724801192078e-05
2.67610677244918e-05
1.1169927628349e-05
2.97347208481022e-06
3.95055453959335e-06
2.77512625419735e-06
